  0.000000	  1.000000	  3.000000	  4.000000	  9.000000	 11.000000	 14.000000	 15.000000	 16.000000	 18.000000	 19.000000	 22.000000	 23.000000	 24.000000	 25.000000	 27.000000
122.000000	210.000000	  0.000000	 63.000000	  0.000000	  2.800000	155.000000	332.000000	  0.000000	230.000000	110.000000	  0.000000	  0.000000	  0.000000	  0.000000	  0.000000
123.000000	587.000000	231.000000	501.800000	  0.120000	  1.700000	142.000000	326.000000	180.000000	430.000000	 73.000000	127.000000	184.000000	 30.000000	  6.000000	 88.000000
123.400000	784.100000	278.000000	 60.000000	  0.340000	  2.050000	149.200000	310.333300	268.666700	507.333300	 64.702800	152.000000	  0.000000	 40.000000	 10.000000	 83.000000
123.800000	760.450000	316.350000	 61.840000	  0.240000	  2.000000	180.000000	269.000000	248.000000	548.000000	 72.169000	 97.000000	179.000000	 36.000000	 10.000000	112.890000
123.800000	770.000000	270.000000	 58.620000	  0.740000	  2.000000	162.500000	290.000000	238.000000	541.000000	 70.259700	148.500000	234.000000	 38.000000	 15.500000	 74.500000
124.000000	780.000000	279.400000	 59.750000	  0.310000	  2.000000	244.861500	304.000000	249.000000	551.000000	 71.558400	145.000000	234.000000	 36.000000	 21.000000	 66.000000
125.100000	752.550000	290.950000	 61.300000	  0.200000	  2.000000	189.000000	261.000000	253.000000	530.000000	 70.430800	  0.000000	  0.000000	  0.000000	  0.000000	  0.000000
126.000000	343.000000	256.000000	 66.900000	  0.071000	  2.100000	156.000000	368.000000	  0.000000	351.000000	102.332400	  0.000000	  0.000000	  0.000000	  0.000000	  0.000000
127.500000	344.000000	256.000000	 66.030000	  0.071000	  2.000000	165.400000	361.000000	  0.000000	347.000000	100.872100	  0.000000	  0.000000	  0.000000	  0.000000	  0.000000
127.800000	601.000000	250.000000	 66.700000	  0.071000	  2.000000	178.000000	348.000000	101.000000	523.000000	 87.021600	  0.000000	  0.000000	  0.000000	  0.000000	  0.000000
130.700000	409.630000	196.400000	 45.730000	  0.000000	  2.000000	134.000000	318.000000	 64.402400	350.000000	 85.443000	  0.000000	  0.000000	  0.000000	  0.000000	 77.000000
131.000000	132.600000	165.300000	 54.800000	  0.072000	  2.700000	109.000000	480.000000	  0.000000	142.000000	107.000000	  0.000000	  0.000000	  0.000000	  0.000000	103.010000
131.600000	543.780000	225.500000	 46.820000	  0.000000	  2.100000	168.000000	268.000000	 71.731800	482.000000	 88.638800	  0.000000	  0.000000	  0.000000	  0.000000	  0.000000
132.000000	376.110000	228.000000	 48.750000	  0.000000	  2.100000	130.000000	510.000000	 40.100000	367.000000	 97.577800	  0.000000	  0.000000	  0.000000	  0.000000	103.000000
133.000000	315.000000	173.700000	 44.290000	  0.000000	  2.100000	122.000000	387.000000	 52.959200	272.000000	 86.349200	  0.000000	  0.000000	  0.000000	  0.000000	  0.000000
139.600000	486.000000	  0.000000	 54.800000	  0.000000	  2.000000	110.000000	480.000000	233.811600	253.000000	 52.057600	  0.000000	  0.000000	  0.000000	  0.000000	  0.000000
141.800000	141.750000	158.800000	 55.470000	  0.110000	  2.300000	117.000000	404.000000	  0.000000	149.000000	105.114600	187.000000	350.000000	 30.600000	 22.000000	 75.000000
142.000000	100.633300	126.850000	 51.960000	  0.761000	  2.100000	 94.000000	500.000000	  0.000000	 95.900000	106.832500	138.000000	256.000000	 33.700000	 21.000000	118.110000
142.500000	133.730000	133.100000	 52.170000	  0.100000	  2.100000	105.000000	326.000000	  9.500000	 92.000000	 68.795300	 87.000000	175.000000	 35.700000	 19.000000	105.420000
144.200000	343.000000	  0.000000	 40.110000	  0.000000	  2.100000	112.000000	380.000000	 69.500000	286.000000	 83.381900	  0.000000	  0.000000	  0.000000	  0.000000	  0.000000
144.600000	472.000000	  0.000000	 51.380000	  0.000000	  2.200000	150.000000	470.000000	 38.000000	471.000000	 99.788100	  0.000000	  0.000000	  0.000000	  0.000000	  0.000000
146.000000	 61.372200	110.000000	 42.900000	  0.085000	  2.000000	 68.000000	730.000000	  0.000000	 65.000000	103.393400	228.000000	392.000000	 32.000000	 15.200000	155.000000
146.000000	380.600000	178.200000	 47.890000	  0.250000	  2.000000	 89.000000	505.000000	201.500000	176.500000	 46.419800	134.000000	252.000000	 34.100000	 12.000000	 95.000000
147.000000	 60.660000	126.100000	 38.960000	  0.120000	  2.800000	 62.000000	1168.000000	  0.000000	 64.000000	105.506100	316.000000	495.000000	 28.000000	 29.000000	179.430000
148.200000	230.025000	128.625000	 45.050000	  0.420000	  2.000000	 84.874300	455.666700	 96.343300	135.000000	 60.075300	125.000000	228.000000	 32.000000	  9.000000	138.000000
149.900000	128.510000	  0.000000	 42.450000	  0.000000	  2.100000	 90.000000	677.000000	 29.348100	 99.800000	 77.659300	  0.000000	  0.000000	  0.000000	  0.000000	  0.000000
150.000000	 62.000000	107.350000	 42.900000	  0.085000	  2.100000	 68.400000	762.500000	  0.000000	 65.000000	104.838700	157.500000	257.000000	 32.500000	 22.000000	217.880000
152.700000	122.000000	116.000000	 54.850000	  0.000000	  2.000000	107.000000	462.000000	 25.650000	 97.000000	 79.508200	  0.000000	  0.000000	  0.000000	  0.000000	  0.000000
153.600000	210.000000	  0.000000	 42.200000	  0.000000	  2.100000	136.000000	524.000000	 46.650000	161.000000	 76.666700	  0.000000	  0.000000	  0.000000	  0.000000	  0.000000
154.000000	143.700000	124.400000	 39.840000	  0.060000	  2.500000	 81.000000	461.000000	 15.100000	128.000000	 89.074500	101.000000	224.000000	 32.500000	 19.000000	231.530000
154.000000	228.000000	176.000000	 42.640000	  0.000000	  2.100000	 86.000000	486.000000	 47.143100	177.000000	 77.631600	  0.000000	  0.000000	  0.000000	  0.000000	  0.000000
154.400000	 76.000000	  0.000000	 41.880000	  0.000000	  2.100000	 84.000000	731.000000	  5.720000	 76.000000	100.000000	228.000000	392.000000	 32.000000	 15.200000	176.130000
155.400000	 63.000000	104.000000	 42.000000	  0.085000	  2.000000	 65.000000	649.000000	  0.000000	 59.000000	 93.650800	192.750000	324.500000	 32.250000	 18.600000	124.000000
156.000000	 99.300000	  0.000000	 40.250000	  0.835000	  2.100000	 79.000000	690.000000	 10.550000	 88.000000	 88.620300	  0.000000	  0.000000	  0.000000	  0.000000	176.130000
156.300000	 79.300000	120.500000	 42.000000	  0.000000	  2.800000	 76.000000	747.000000	  0.000000	 85.000000	107.187900	  0.000000	  0.000000	  0.000000	  0.000000	  0.000000
157.100000	 90.900000	 93.900000	 50.000000	  0.000000	  2.000000	 82.000000	421.000000	  5.370000	 86.000000	 94.609500	  0.000000	  0.000000	  0.000000	  0.000000	  0.000000
158.000000	224.750000	139.900000	 44.100000	  1.390000	  2.000000	 90.000000	524.000000	108.000000	123.000000	 54.727500	125.000000	228.000000	 32.000000	  9.000000	138.000000
158.200000	 69.000000	123.000000	 38.860000	  0.000000	  2.600000	 68.000000	724.000000	  0.000000	 73.000000	105.797100	169.600000	240.000000	 32.000000	 14.000000	  0.000000
159.000000	 55.315000	104.900000	  0.000000	  0.044000	  3.200000	 54.000000	689.000000	  0.000000	 58.000000	104.854000	136.000000	266.000000	 38.500000	 11.000000	189.950000
160.000000	299.000000	  0.000000	 36.000000	  4.080000	  1.900000	 81.000000	544.000000	171.000000	116.000000	 39.000000	  0.000000	  0.000000	  0.000000	  0.000000	  0.000000
160.500000	373.333300	144.500000	 54.250000	  2.400000	  2.000000	100.000000	307.000000	228.000000	 66.000000	 17.678600	 95.000000	174.000000	 34.700000	 17.000000	  0.000000
161.300000	 67.400000	105.300000	 39.300000	  0.071000	  2.100000	 65.576000	624.000000	  0.000000	 65.000000	 96.439200	159.000000	286.000000	 31.000000	 28.000000	228.460000
163.000000	 40.970000	 98.000000	 31.990000	  0.050000	  2.500000	 35.000000	1578.000000	  0.000000	 42.000000	102.514000	263.000000	330.000000	 34.000000	 25.000000	  0.000000
163.100000	 70.833300	119.900000	 39.440000	  0.042000	  3.300000	 62.000000	941.000000	  0.000000	 73.700000	104.047100	215.000000	400.000000	 28.800000	 32.000000	  0.000000
163.200000	219.266700	157.000000	 44.680000	  0.205000	  2.000000	 78.500000	553.900000	 72.500000	137.500000	 62.664500	146.000000	252.000000	 35.950000	  8.110000	113.000000
163.700000	 57.000000	105.000000	 38.890000	  0.000000	  2.200000	 76.000000	917.000000	  0.000000	 61.000000	107.017500	196.000000	270.000000	 31.000000	 20.000000	  0.000000
164.000000	128.891700	133.325000	 50.000000	  0.200000	  2.000000	 80.500000	609.400000	 37.500000	 89.250000	 69.231300	135.000000	233.000000	 33.900000	 12.000000	110.000000
164.300000	 65.800000	112.000000	 38.200000	  0.000000	  2.500000	 62.000000	1007.000000	  0.000000	 70.000000	106.383000	253.000000	315.000000	 28.000000	 24.000000	  0.000000
165.000000	128.000000	121.500000	 56.200000	  2.115000	  1.800000	101.000000	482.000000	 35.000000	 94.000000	 73.000000	  0.000000	  0.000000	  0.000000	  0.000000	136.500000
168.000000	 56.800000	 97.100000	 49.700000	  0.845000	  1.900000	 67.000000	754.000000	  2.000000	 46.000000	 81.000000	  0.000000	  0.000000	  0.000000	  0.000000	155.710000
168.800000	 66.300000	136.000000	 43.300000	  0.000000	  3.100000	 63.000000	1051.000000	  0.000000	 71.800000	108.295600	188.000000	294.000000	 30.000000	 18.000000	  0.000000
168.900000	 56.000000	 69.600000	 36.910000	  0.000000	  0.000000	 51.000000	1051.000000	  0.000000	 56.000000	100.000000	  0.000000	  0.000000	  0.000000	  0.000000	  0.000000
172.600000	 77.600000	145.000000	 39.360000	  0.000000	  2.800000	 67.000000	1446.000000	  0.000000	 80.400000	103.670000	  0.000000	  0.000000	  0.000000	  0.000000	  0.000000
176.000000	 47.400000	104.000000	 45.200000	  0.150000	  2.000000	 53.000000	1250.000000	  0.000000	 46.700000	 98.523200	206.000000	315.000000	 33.000000	 19.000000	272.700000
177.000000	 71.400000	140.000000	 40.700000	  0.000000	  0.000000	 72.000000	894.000000	  0.000000	 76.000000	106.000000	  0.000000	  0.000000	  0.000000	  0.000000	  0.000000
178.100000	103.000000	  0.000000	 24.140000	  0.000000	  2.000000	 16.600000	1345.000000	 19.200000	 88.000000	 85.436900	  0.000000	  0.000000	  0.000000	  0.000000	  0.000000
178.400000	144.000000	139.000000	 40.900000	  0.000000	  2.000000	 71.000000	561.000000	 37.425100	108.000000	 75.000000	  0.000000	  0.000000	  0.000000	  0.000000	  0.000000
183.100000	 59.700000	106.100000	 54.980000	  0.000000	  2.000000	 72.000000	894.000000	  0.770000	 60.000000	100.502500	  0.000000	  0.000000	  0.000000	  0.000000	  0.000000
188.200000	 63.900000	  0.000000	 44.210000	  0.580000	  2.000000	 78.300000	762.000000	  0.000000	 65.000000	101.721400	  0.000000	  0.000000	  0.000000	  0.000000	  0.000000
189.000000	 57.000000	100.000000	 46.160000	  0.000000	  2.000000	 57.000000	724.000000	  2.150000	 57.000000	100.000000	  0.000000	  0.000000	  0.000000	  0.000000	  0.000000
199.600000	 48.650000	100.300000	 41.680000	  0.150000	  2.100000	 48.350000	882.500000	  0.000000	 48.250000	 99.165500	333.000000	600.000000	 33.000000	 17.000000	  0.000000
208.200000	 44.000000	118.400000	 27.040000	  0.071000	  6.600000	 49.300000	710.000000	  0.000000	 49.000000	111.363600	  0.000000	  0.000000	  0.000000	  0.000000	  0.000000
144.718970	482.311997	  1.038008	 53.058337	  0.058103	  2.233190	150.220128	478.050217	 38.630573	474.060182	 98.276735	  1.165994	  0.000000	  0.314812	  0.187628	  1.007017
127.373619	747.050599	289.313783	 66.098978	  0.203118	  2.030408	191.256904	261.000000	252.976334	525.876165	 70.134610	  0.000000	  0.596207	  0.000000	  0.000000	  2.294589
122.816059	784.100000	277.420981	 65.642743	  0.339122	  2.052383	146.521596	323.617281	268.666700	510.822897	 65.134546	147.867357	  0.000000	 40.000000	 10.130631	 85.199200
133.832627	305.222365	172.299307	 50.186648	  0.000000	  2.090201	122.465782	385.808194	 51.707376	276.669647	 84.976971	  5.517475	  0.000000	  0.000000	  0.193430	  0.000000
162.519863	123.709647	132.993883	 54.054135	  0.215947	  1.984565	 77.700175	612.601199	 34.012153	 87.420519	 70.137157	130.664170	224.569838	 33.442309	 11.994181	109.338395
158.656533	212.248150	141.068316	 46.302636	  1.363822	  1.978139	 88.498496	513.017777	107.129753	117.223499	 52.545663	123.505779	236.812820	 31.606235	  8.975253	138.995389
146.947631	379.425429	180.194294	 40.708576	  0.325144	  1.982692	 88.737117	505.210725	199.049042	165.909804	 46.305067	132.134177	255.340763	 34.661709	 11.989543	 93.040308
157.013443	 85.225533	 96.910758	 41.994381	  0.101511	  1.913595	 80.367887	422.149613	  3.782653	 74.745049	 94.037879	  4.224215	  0.000000	  0.116073	  0.061243	  0.327903
149.612992	230.383705	134.287621	 40.731243	  0.445089	  2.130912	 88.273131	466.564834	 96.068128	134.516833	 60.241846	119.235019	230.482959	 31.935785	  9.538586	144.043743
145.697292	 45.045923	109.102364	 45.579191	  0.052515	  2.044781	 66.701248	718.938899	  0.000000	 63.538322	104.281406	229.616277	386.828606	 32.034057	 15.665210	153.335861
164.359152	229.556463	160.550439	 51.326597	  0.178723	  2.029464	 76.436395	545.861510	 76.365807	131.619749	 60.924213	153.100302	251.915004	 36.368309	  8.341851	114.252186
158.922487	 76.451151	124.339964	 36.534936	  0.000000	  2.611140	 71.478663	718.670521	  2.283862	 81.959045	105.979571	169.461397	243.812831	 31.890172	 14.277692	  0.000000
139.197440	485.166223	  0.000000	 62.016119	  0.051397	  1.950217	109.559030	463.312516	230.718797	246.853434	 51.369389	  3.260234	  4.157161	  0.000000	  0.000000	  0.000000
124.760594	778.533391	284.937042	 60.775319	  0.313516	  2.013797	244.861500	323.015681	247.735335	551.000000	 70.318666	144.747846	233.151741	 35.435727	 21.103115	 66.345620
156.630521	 92.499133	124.227559	 39.722152	  0.054330	  2.718011	 71.205795	748.315104	  2.779447	 95.811768	105.861532	  0.521866	  7.260945	  0.372614	  0.428438	  2.716655
154.322250	136.165897	123.731312	 38.970650	  0.003504	  2.483166	 82.252248	444.008969	 15.322088	121.904129	 89.894785	100.839008	224.078375	 32.402627	 18.924098	234.019633
168.606269	 51.743526	 71.441619	 48.474602	  0.000000	  0.000000	 47.696949	1067.203271	  2.236228	 56.174230	100.470940	  0.929402	  0.000000	  0.358617	  0.058778	  2.352065
128.947642	128.930304	168.945821	 49.747566	  0.077618	  2.681881	108.497804	513.794992	  0.000000	145.875470	109.313697	  2.147819	  0.684477	  0.511414	  0.000000	105.251925
127.890557	591.453709	255.287470	 71.258000	  0.067746	  2.053341	179.366257	307.058964	 97.560377	524.946559	 87.331465	  4.856206	  0.000000	  0.000000	  0.000000	  0.000000
164.769342	 80.146147	111.192565	 37.780103	  0.043617	  2.662146	 61.692749	998.239051	  0.000000	 65.291127	108.111475	250.867066	320.217562	 27.921062	 24.579836	  0.093675
142.113380	133.628265	135.590811	 58.148671	  0.098364	  2.088475	107.743056	315.558451	  7.064331	 94.812461	 69.732857	 80.703215	184.632294	 35.856699	 19.406346	105.913614
130.220059	411.579729	199.072458	 47.265813	  0.000000	  1.991633	139.700115	325.553785	 65.201357	349.100917	 84.814983	  2.293565	  6.584739	  0.000000	  0.000000	 78.011375
143.975644	136.251692	128.676638	 52.548607	  0.130045	  2.053959	106.005633	325.604444	 14.481510	 90.685381	 68.526510	 84.461550	173.374085	 35.593499	 19.016158	106.123149
127.531959	343.916083	257.605386	 66.873174	  0.034891	  1.961081	167.337867	344.610354	  0.000000	339.122136	100.511335	  7.378195	  0.000000	  0.242065	  0.185414	  1.337891
127.287348	596.814359	250.649350	 63.465307	  0.096389	  2.098864	178.674066	352.669120	 99.128778	516.325631	 86.473662	  0.000000	  3.876990	  0.327391	  0.000000	  0.752379
167.503593	 59.238101	 98.993339	 50.708352	  0.825775	  1.955906	 66.920927	731.678309	  5.006957	 47.983228	 80.463103	  0.000000	  0.000000	  0.000000	  0.000000	158.882246
145.969058	 66.734207	108.086402	 50.338508	  0.121881	  2.084310	 67.763336	729.481182	  0.000000	 70.454453	103.082250	222.393147	393.546504	 31.633744	 15.322597	151.335977
177.220475	146.590253	147.780651	 35.520641	  0.000000	  1.897976	 68.127168	577.751842	 36.784079	 97.076680	 74.544471	  2.250605	  0.000000	  0.000000	  0.266927	  5.728601
188.378861	 66.287123	  2.899528	 49.075810	  0.550191	  1.917113	 76.933391	747.677960	  0.000000	 61.760523	101.700080	  1.510259	  4.976599	  0.000000	  0.062259	  0.000000
154.593410	 65.465423	103.496163	 32.270710	  0.142980	  2.040497	 65.932484	662.769155	  2.818616	 60.670370	 92.613221	193.046850	331.291579	 32.331562	 18.671680	127.614040
168.290248	 57.650609	 67.279588	 38.072841	  0.000000	  0.000000	 44.625390	1037.496670	  1.613157	 63.348650	100.307477	  0.000000	  3.118271	  0.044870	  0.000000	  3.930492
162.164366	 40.970000	101.227887	 36.761677	  0.025683	  2.366330	 32.744883	1578.000000	  3.373632	 42.000000	102.889048	265.021600	335.098024	 33.829169	 24.983766	  0.391174
176.812134	 49.661677	102.902912	 46.992153	  0.219745	  2.004638	 53.451863	1221.739774	  1.243272	 48.247554	 96.117924	205.781557	297.187681	 32.655793	 19.494291	272.700000
153.767618	 88.192639	  5.794611	 43.436422	  0.000000	  2.116545	 85.599356	725.578078	  6.224535	 83.578591	 99.291285	226.234569	384.403191	 32.188327	 15.318791	173.820025
170.651315	 66.183819	 67.210605	 40.538606	  0.033590	  0.061077	 54.271593	1038.133056	  0.000000	 59.966252	 99.866583	  3.899844	  3.316262	  0.000000	  0.151377	  0.000000
157.583197	 94.849401	117.386067	 43.330817	  0.004013	  2.789872	 76.099680	727.590825	  1.914176	 82.864444	106.635513	  0.000000	  0.000000	  0.000000	  0.000000	  2.360743
156.273661	 68.515526	119.098711	 42.115747	  0.030395	  2.762810	 76.994426	772.929510	  0.452049	 76.618825	106.215061	  0.000000	  0.000000	  0.000000	  0.000000	  0.000000
162.696279	 54.679399	109.563512	 42.717193	  0.001963	  2.232717	 78.635403	925.171846	  0.000000	 59.122191	107.035095	192.381979	269.055781	 30.996153	 19.799592	  6.174961
142.173622	121.725291	140.851917	 52.123003	  0.152488	  2.111480	102.332134	339.205922	 12.050586	 90.055421	 66.708249	 90.695118	164.075926	 35.686010	 18.847951	108.731689
183.601765	 65.294110	105.131475	 53.243486	  0.000000	  2.080651	 74.227858	894.386963	  0.000000	 67.791031	101.238888	  0.000000	  0.000000	  0.000000	  0.452794	  0.000000
149.753881	132.283517	  0.000000	 46.989185	  0.000000	  2.073115	 91.357145	683.478677	 37.250112	 91.808015	 77.245439	  0.195691	  0.000000	  0.369239	  0.295886	  3.181586
124.525235	752.301577	312.300188	 71.121717	  0.317460	  2.024593	174.874639	270.697850	251.119445	541.587486	 71.736450	 94.006080	169.975805	 35.413286	 10.210376	114.801330
141.639081	127.022104	131.250077	 50.226093	  0.049303	  2.161448	104.094190	331.010973	 11.284951	 89.096834	 68.811858	 88.333461	181.499205	 35.607893	 18.913292	102.704491
177.040348	 70.055736	139.825612	 39.815088	  0.080163	  0.000000	 73.050592	898.207356	  3.958115	 84.447733	106.182049	  0.820414	  0.000000	  0.000000	  0.056801	  0.000000
156.146731	 65.335166	103.585477	 39.839329	  0.087195	  2.080288	 66.082863	625.528251	  0.097417	 60.862466	 93.228673	193.098626	324.976708	 31.421345	 18.522237	124.918643
145.328386	382.137434	178.951013	 43.944427	  0.200879	  2.003228	 91.929213	521.295518	204.384662	176.815313	 47.071743	131.829816	256.173067	 34.941348	 12.351967	 98.486576
189.289918	 62.442403	 97.927759	 44.448872	  0.000000	  1.970892	 58.630640	745.904530	  0.000000	 49.595376	 99.819594	  0.000000	  0.000000	  0.477584	  0.582516	  0.000000
178.180031	 74.881603	139.357968	 34.598568	  0.000000	  0.056552	 71.710734	885.071779	  0.000000	 76.982274	106.740643	  3.282751	  5.500035	  0.109610	  0.358295	  4.780538
160.640028	313.823130	  0.000000	 30.283816	  4.080000	  1.853839	 79.145952	525.855062	167.330301	115.326551	 38.430267	  0.000000	  2.009750	  0.205732	  0.418523	  0.000000
149.446932	 59.264722	112.907329	 38.913094	  0.017768	  2.125521	 66.851368	763.272401	  0.887271	 76.768424	104.875969	153.343180	251.529146	 32.560321	 21.706412	216.627958
131.868623	370.135249	228.360378	 47.554206	  0.052759	  2.051824	129.019073	514.783638	 40.038903	369.105336	 97.071288	  0.000000	  0.000000	  0.075858	  0.073129	104.886121
177.755386	 65.643712	144.228714	 36.478378	  0.000000	  0.031276	 73.611146	908.602924	  0.000000	 84.980107	107.242956	  0.000000	  0.742318	  0.212868	  0.000000	  0.000000
152.907165	244.608700	172.870393	 48.899621	  0.000000	  2.146532	 82.314756	493.330999	 48.044451	183.988700	 78.104926	  2.776560	  3.787324	  0.000000	  0.049342	  0.868679
122.000000	210.516444	  0.000000	 56.938041	  0.000000	  2.824489	155.112511	327.679407	  0.000000	230.109984	111.363600	  0.000000	  5.556519	  0.508079	  0.018335	  0.000000
176.214766	 46.855220	108.254944	 47.781189	  0.128358	  2.040348	 53.245259	1255.343371	  0.000000	 52.534116	 99.244153	206.024784	311.165787	 32.786487	 19.017792	272.625271
152.898444	120.286959	117.053893	 60.398458	  0.033675	  2.037555	109.735867	451.623586	 30.159845	 99.288781	 79.162239	  3.825521	  0.000000	  0.702975	  0.000000	  0.000000
144.162280	331.575284	  0.000000	 40.108532	  0.033369	  2.116545	110.743951	408.283195	 76.307541	285.370487	 83.580160	  4.240337	  0.000000	  0.000000	  0.511042	  0.000000
125.326267	344.012992	251.944814	 69.895454	  0.087676	  2.088245	153.552718	354.272267	  1.247333	357.432890	102.604550	  0.000000	  0.000000	  1.056985	  0.000000	  3.965158
140.108186	489.851570	  0.000000	 58.541251	  0.000000	  1.963887	110.570894	496.668040	232.855514	252.316718	 52.133990	  0.000000	  6.556934	  0.550522	  0.000000	  0.435716
146.656363	 67.559519	115.947767	 41.998945	  0.058489	  2.102927	 67.349415	743.996359	  1.723434	 70.337455	104.941855	224.505680	391.521359	 31.913881	 15.243660	153.578772
145.507461	477.159214	  0.000000	 52.975839	  0.000000	  2.170762	148.618163	484.664976	 39.247239	467.436600	100.339226	  1.496317	  0.000000	  0.308677	  0.324361	  3.495345
145.783623	 60.091542	106.789119	 43.118051	  0.000000	  2.086306	 65.771366	738.019329	  0.000000	 61.925193	104.291711	234.005558	395.678858	 32.288007	 15.118650	158.720351
154.019766	 48.622904	 95.751649	 42.595096	  0.095343	  2.046637	 63.637482	647.883318	  0.000000	 64.709437	 93.337130	190.928342	332.832000	 32.357487	 18.614731	123.672640
126.059632	343.292228	249.193539	 67.115708	  0.039572	  2.155541	158.391156	362.763637	  2.228264	351.019320	102.552359	  2.163770	  0.000000	  0.000000	  0.000000	  0.273583
126.516919	348.067165	253.902371	 66.882993	  0.062830	  2.145693	156.967384	359.410352	  0.000000	359.902944	101.007408	  0.000000	  0.000000	  0.000000	  0.000000	  0.000000
188.389733	 62.079105	 96.722245	 53.131019	  0.000000	  1.892953	 62.524485	728.166753	  0.125807	 56.669949	 99.305782	  0.000000	  8.601293	  0.000000	  0.275005	  1.164125
167.003870	 58.748853	142.028447	 48.818630	  0.000000	  3.026056	 64.626431	1046.903302	  7.359241	 63.728844	108.308752	181.423763	291.951168	 29.980848	 17.112103	  4.775011
160.955100	356.298780	145.379398	 54.727765	  2.390331	  1.879489	102.201550	323.771469	227.281183	 60.299032	 19.387914	 93.360782	173.642240	 34.212997	 16.799750	  0.000000
152.699004	130.607712	116.490855	 57.165366	  0.000000	  1.953211	108.415170	463.534626	 24.653106	103.616831	 78.691352	  0.000000	 12.950521	  0.272225	  0.000000	  0.325006
124.201561	775.126256	280.632340	 60.127866	  0.288552	  2.063055	147.416310	291.280361	265.443938	508.134403	 65.292052	154.585150	  0.000000	 39.869314	 10.292621	 84.692724
129.928132	138.848798	167.220743	 50.553349	  0.099407	  2.700974	109.984027	470.553625	  0.167805	142.547472	106.932649	  4.543518	 10.636718	  0.377091	  0.000000	104.201054
164.481409	 65.957609	102.718315	 39.380558	  0.000000	  2.223415	 74.944295	923.799366	  0.000000	 72.029202	105.976633	195.670166	275.904772	 30.930645	 19.557648	  0.000000
168.337267	 63.773562	 70.882950	 37.882872	  0.000000	  0.054265	 49.086937	1040.409338	  6.502738	 59.488173	 97.520293	  0.000000	  0.000000	  0.507835	  0.177390	  4.391452
162.271542	 44.254542	 98.135531	 36.279318	  0.031569	  2.532613	 36.012167	1576.930283	  0.980365	 42.752202	101.874359	256.409208	322.574354	 33.820685	 24.618785	  0.171916
188.249104	 60.589438	  0.000000	 38.952984	  0.605895	  2.125492	 77.926816	765.713217	  0.000000	 59.775181	102.697394	  0.000000	  0.000000	  0.000000	  0.127505	  0.000000
122.278867	773.858342	279.831283	 46.835142	  0.284445	  2.097624	154.904073	305.759971	268.666700	506.464833	 66.956027	150.468502	  0.000000	 40.000000	 10.058699	 82.950878
122.000000	780.808011	283.314538	 52.913306	  0.338645	  2.118749	150.745438	317.437846	266.152505	510.986024	 65.537095	152.888323	  0.353065	 39.568371	  9.983306	 81.002792
130.680755	413.387931	193.040560	 42.341851	  0.000000	  1.916803	135.447963	317.057212	 64.791999	351.822022	 84.842812	  0.000000	  0.000000	  0.357931	  0.000000	 76.778509
155.812422	 88.190440	 91.732803	 41.550027	  0.000000	  2.040565	 83.357006	447.909218	  4.652544	 82.553599	 93.134035	  3.273278	  0.000000	  0.174424	  0.000000	  4.991796
131.118200	420.697100	198.676561	 54.153526	  0.000000	  2.045904	134.830186	335.749027	 59.673711	350.597448	 85.612761	  3.452334	  4.075430	  0.000000	  0.255922	 72.637431
178.970769	106.102548	  0.000000	 23.438011	  0.021161	  1.911949	 16.932923	1343.515072	 21.178971	 87.952538	 84.339376	  0.000000	  0.000000	  0.000000	  0.334364	  1.313528
126.662096	332.517830	247.761447	 69.470538	  0.064423	  2.125384	155.558451	370.679462	  3.258723	352.124274	103.661864	  0.000000	  4.364531	  0.000000	  0.747131	  0.000000
160.475427	300.720271	  0.000000	 35.521088	  4.078776	  1.995798	 80.926118	526.203548	169.185688	116.899620	 41.883128	  2.051246	  7.026565	  0.000000	  0.000000	  0.000000
131.080907	369.762949	225.264595	 58.253015	  0.000000	  2.009469	128.746862	527.929841	 41.646372	367.657399	 96.869958	  4.431339	  0.000000	  0.000000	  0.000000	108.546662
123.958904	776.820063	282.288406	 61.974544	  0.366044	  1.896464	244.861500	296.193547	250.087469	544.513513	 72.793880	141.186201	235.936834	 35.579456	 21.273292	 68.473250
149.357107	 56.554564	104.207586	 46.737679	  0.105629	  2.078822	 69.626702	764.326077	  5.784465	 67.335372	106.902236	154.811312	254.044833	 31.747287	 21.473226	219.778379
162.120422	 65.114240	110.116244	 36.136340	  0.088014	  2.021981	 62.091926	610.818961	  2.190329	 64.575761	 95.670535	154.805804	291.318504	 30.491563	 28.153850	226.324452
145.341200	391.169825	176.351462	 47.430660	  0.209205	  1.889104	 91.882658	473.195877	198.886766	171.736487	 46.569855	130.212952	257.898878	 34.066632	 11.509948	 98.021123
163.596154	 65.397148	122.267949	 43.416971	  0.000000	  3.285870	 59.625592	917.330187	  0.000000	 79.174423	104.997186	218.100517	399.295245	 28.914065	 31.723870	  1.820983
162.719418	 40.970000	 89.221656	 32.518722	  0.000000	  2.480466	 36.530464	1578.000000	  0.834849	 42.000000	102.766973	265.061198	328.852496	 34.316674	 25.378952	  1.074989
163.775011	 75.430378	111.556533	 33.078190	  0.000000	  2.472559	 59.972009	998.272866	  0.000000	 63.600310	106.373172	257.004627	307.214683	 28.307625	 24.419444	  0.000000
150.855130	 71.923818	108.022604	 41.942447	  0.036803	  2.102398	 68.850033	780.047399	  0.000000	 68.270608	106.263297	157.559717	253.312338	 32.289252	 21.975184	216.598087
206.804692	 40.970000	118.408595	 28.651264	  0.066321	  6.600000	 51.557123	694.091002	  0.780459	 45.446600	108.779907	  0.000000	  2.503188	  0.446556	  0.518321	  0.000000
130.593703	417.810643	192.326686	 53.163031	  0.050179	  1.943107	131.050629	317.944778	 64.146029	342.737645	 85.199553	  1.750770	  0.197063	  0.000000	  0.000000	 73.334258
131.877049	553.860189	224.979418	 54.144602	  0.000000	  2.118373	168.226797	271.228847	 68.993039	482.808943	 89.059323	  0.000000	  0.000000	  0.202096	  0.000000	  1.309124
146.793103	 55.709998	112.300232	 43.722568	  0.127156	  2.082471	 67.584144	746.193824	  0.000000	 62.994891	104.157514	230.889178	395.902832	 31.729632	 15.145259	159.769303
153.828734	 81.431491	  0.000000	 45.507757	  0.000000	  2.106105	 84.997769	729.317393	  3.372670	 71.313468	 99.561088	224.047778	383.664048	 31.606629	 15.297552	173.141660
163.380496	 40.970000	 92.869544	 32.496515	  0.086922	  2.474651	 38.715068	1578.000000	  0.000000	 51.957382	102.408451	265.196955	332.914900	 34.482785	 25.345698	  0.000000
177.435615	 65.359976	136.531697	 40.398714	  0.000000	  0.000000	 71.055727	878.257527	  0.000000	 72.626675	104.714990	  0.000000	  2.435164	  0.000000	  0.475824	  1.168436
130.886730	407.930017	198.214902	 49.355231	  0.000000	  1.957969	134.976975	318.096208	 62.588520	353.744282	 85.268008	  0.000000	  0.000000	  0.000000	  0.000000	 82.566339
165.364448	125.176250	115.980745	 50.954248	  2.219988	  1.747826	101.032985	462.981369	 36.208758	 87.938796	 73.004142	  0.000000	  0.000000	  0.000000	  0.000000	138.831216
126.784421	748.924399	294.827998	 60.107493	  0.146059	  1.947139	184.408361	261.000000	256.178505	524.918895	 71.127160	  0.000000	  0.000000	  0.000000	  0.000000	  0.000000
177.774231	 89.448812	  6.248611	 28.067725	  0.000000	  1.975479	 19.722386	1331.035798	 16.590043	 83.515840	 85.188715	  0.000000	  0.000000	  0.180222	  0.593000	  4.447102
160.080007	 71.465406	117.736425	 39.683770	  0.005463	  2.555854	 70.519048	726.792256	  5.443216	 77.703430	106.940864	175.699604	231.933206	 32.089974	 14.625355	  0.000000
166.196380	130.974199	122.277847	 69.372656	  2.097626	  1.822064	 99.733521	487.073782	 35.331563	 95.734714	 74.570952	  0.000000	  0.000000	  0.000000	  0.447422	136.677689
156.448080	 74.687505	117.699997	 53.108936	  0.000000	  2.759478	 74.003761	757.641337	  0.000000	 83.699513	107.783389	  2.411334	  1.657333	  0.000000	  0.000000	  1.444122
144.109562	334.130754	  5.752599	 43.630905	  0.000000	  2.049206	110.241658	376.463995	 79.006472	290.844151	 83.059545	  0.000000	  0.000000	  0.461480	  0.000000	  2.136070
178.032208	117.919927	  0.000000	 20.534262	  0.029228	  2.119351	 18.634256	1341.289827	 16.786462	 82.998056	 85.101850	  0.616080	  0.000000	  0.000000	  0.205741	  0.487564
132.039080	384.440301	229.089949	 52.981524	  0.057308	  2.124466	130.890811	510.641118	 34.831468	362.485546	 97.942928	  0.000000	 10.616140	  0.620417	  0.000000	 99.379429
199.770532	 46.312258	102.969854	 30.677042	  0.126126	  2.058142	 47.080133	890.660213	  0.416356	 42.000000	 99.205782	330.289784	593.062053	 33.904878	 17.595414	  0.000000
164.570417	229.480843	154.136906	 43.205213	  0.177746	  2.098849	 76.884366	571.873491	 72.768188	142.150725	 62.167039	145.158511	256.280097	 35.956087	  8.171296	113.197203
153.194708	 76.676276	  0.000000	 36.244293	  0.012444	  2.124407	 84.908137	729.550369	  7.195479	 86.329015	100.842105	225.618559	396.531499	 31.757959	 15.512943	171.141946
134.411183	371.436102	224.803901	 56.142679	  0.000000	  2.054322	130.174436	499.159355	 36.609643	356.901392	 96.778637	  0.000000	  1.071784	  0.000000	  0.174205	105.698642
189.268572	 66.903799	 98.495749	 50.872897	  0.000000	  1.960916	 53.965850	710.068411	  4.975922	 60.296624	 99.648894	  0.000000	  0.000000	  0.000000	  0.000000	  3.079849
130.785629	412.313567	195.361078	 47.675118	  0.002515	  2.089017	132.727454	311.255189	 64.218151	356.106648	 84.229752	  3.799207	  0.000000	  0.187265	  0.000000	 76.106603
122.189525	773.983172	272.848462	 63.498389	  0.760228	  2.035252	164.281231	297.679145	239.739113	538.249187	 71.051563	146.069186	237.118840	 38.437679	 15.370377	 73.244295
178.899336	153.793076	141.050872	 30.825194	  0.000000	  2.064035	 71.116827	583.412594	 40.718811	111.451738	 75.705359	  0.469909	  2.684413	  0.000000	  0.119463	  0.000000
190.215589	 45.467556	  0.000000	 37.722171	  0.531505	  2.010597	 78.150800	758.572254	  0.000000	 61.567290	102.466196	  0.222075	  9.668251	  0.000000	  0.000000	  0.000000
164.273993	141.718655	135.331962	 50.017116	  0.218553	  2.155492	 78.197326	616.348706	 35.956409	 85.867333	 68.265953	133.532788	223.738058	 33.678952	 11.690049	105.147269
155.043396	 53.653475	104.271993	 38.705996	  0.108675	  1.933018	 59.027728	648.627876	  0.000000	 52.694048	 94.640945	194.048765	326.579604	 32.071650	 18.966709	128.758845
153.737526	192.626759	  2.642699	 37.071856	  0.000000	  2.076388	134.980150	530.278491	 50.419164	164.204727	 77.556389	  0.000000	  0.126455	  0.634679	  0.022874	  0.000000
153.447128	 72.931803	  2.026345	 33.273146	  0.075319	  2.117110	 87.943434	738.847755	  0.645731	 75.463728	 98.633172	221.707118	394.995853	 33.015999	 15.117315	173.486523
141.323383	141.532737	130.882334	 52.985723	  0.127083	  2.103999	103.252533	336.616837	  8.516536	 94.730784	 67.821377	 87.366137	168.211064	 35.932432	 18.847205	106.591885
183.954429	 60.808340	100.856822	 56.883145	  0.028344	  1.975731	 69.899493	895.930644	  2.312143	 57.852595	100.868128	  0.000000	 13.450244	  0.590646	  0.153920	  1.220369
130.301945	121.044524	171.485816	 51.362305	  0.078235	  2.669735	110.063860	478.675314	  3.369524	139.974702	107.529697	  0.000000	  0.000000	  0.000000	  0.000000	107.456054
141.867552	150.529074	163.524272	 61.946176	  0.090966	  2.326209	117.824579	397.544824	  0.000000	148.806418	105.131620	188.145949	343.355935	 30.038216	 21.777706	 71.309261
156.780647	 87.181555	 94.742322	 55.676177	  0.036492	  2.067045	 81.964081	420.546537	  5.549088	 86.348752	 93.289874	  1.547223	  9.451552	  0.000000	  0.000000	  0.000000
153.164604	149.340781	127.371588	 38.107193	  0.043049	  2.551663	 82.163514	467.475084	 12.929710	123.024862	 88.371328	102.505466	223.333363	 31.370988	 18.611975	225.934948
157.165842	 90.650850	 92.722597	 40.413054	  0.000000	  1.959023	 86.399472	426.265963	  5.492906	 86.505450	 95.377089	  4.683861	  0.000000	  0.000000	  0.066024	  0.000000
162.445929	212.645118	158.850052	 38.309092	  0.221106	  1.885370	 74.063150	542.167113	 76.991619	136.679351	 63.183977	144.325156	237.867115	 35.747963	  7.688121	113.184879
123.189333	588.114090	228.820768	501.800000	  0.128237	  1.656460	142.401789	335.956108	177.586060	439.225948	 73.948230	127.493224	175.834250	 29.845555	  5.971898	 88.131446
164.822992	 56.592647	109.243363	 39.815247	  0.000000	  2.153816	 73.508686	901.247081	  0.000000	 59.261611	106.089800	197.141184	268.728752	 30.797631	 19.707708	  1.104171
168.274699	 76.932434	139.443219	 37.814906	  0.000000	  3.078313	 62.009264	1029.937602	  0.000000	 65.863073	107.899478	183.451389	290.568522	 29.524392	 17.990895	  0.000000
146.790490	 57.019215	124.797392	 39.643535	  0.114749	  2.762354	 62.649601	1159.999063	  0.000000	 57.242709	104.743321	315.244655	494.133512	 27.751838	 29.019505	180.249502
178.420755	109.132378	  1.138612	 28.031283	  0.000000	  2.018813	 17.629638	1340.430493	 23.175359	 83.312488	 85.218394	  0.479973	  4.920146	  0.075753	  0.051605	  1.526944
132.250996	380.112739	227.167064	 42.859499	  0.087490	  2.080725	130.644338	522.079799	 41.055198	368.654100	 96.907606	  0.000000	  0.000000	  0.000000	  0.507499	105.899525
142.519365	 98.644053	127.387887	 53.539265	  0.720445	  1.990608	 93.374656	496.413384	  0.000000	 90.203576	108.242322	143.578321	248.761455	 33.869972	 20.979094	120.682823
173.052824	 75.775907	144.196962	 37.807895	  0.061227	  2.914190	 64.812824	1443.787477	  2.091012	 85.279857	104.804276	  0.000000	  0.000000	  0.000000	  0.855242	  0.000000
154.187977	151.283969	118.998985	 38.216933	  0.052957	  2.455774	 79.576230	458.702095	 19.557563	124.656639	 90.912474	110.847196	229.357809	 32.397420	 18.607497	228.826607
124.673577	782.514970	274.040062	 52.722204	  0.297330	  2.003805	243.160112	291.248724	248.913439	549.636088	 71.421584	146.007224	231.748032	 35.723001	 20.676695	 65.406846
122.000000	200.738089	  0.000000	 61.000251	  0.025586	  2.740638	154.332463	318.965379	  0.000000	230.803216	110.046454	  0.000000	  0.000000	  0.337929	  0.349792	  1.192762
123.190105	751.459935	310.357330	 57.372359	  0.178990	  1.925914	176.948223	263.965401	248.674595	547.017037	 71.621608	100.747507	175.997872	 36.200764	 10.232881	109.317752
154.233727	122.844003	122.752102	 62.958969	  0.061445	  1.968368	102.228750	441.886950	 24.484070	 91.828287	 80.246471	  0.000000	  0.000000	  0.000000	  0.044064	  0.000000
157.028461	 78.919719	120.981800	 36.772398	  0.000000	  2.777644	 75.804017	757.980735	  0.000000	 78.451639	107.288225	  3.817127	  4.532119	  0.000000	  0.000000	  0.000000
154.880441	 62.096620	 95.327071	 35.921896	  0.089113	  1.917676	 68.981778	647.016533	  0.000000	 52.477027	 94.785821	198.431541	319.627303	 31.928808	 18.316518	124.568056
127.926066	594.427251	247.755702	 68.318960	  0.053626	  1.893646	178.516638	357.147251	 99.011106	531.665642	 87.292042	  0.000000	  0.000000	  0.000000	  0.000000	  2.689361
156.569325	 96.982220	  1.840189	 37.270113	  0.878214	  2.165667	 78.880121	690.374982	  6.790146	 89.184373	 88.901465	  1.583687	  0.000000	  0.151844	  0.018717	176.677744
122.865615	579.678953	226.112620	500.077884	  0.141272	  1.588201	141.147861	347.276361	178.271921	436.808466	 73.067366	124.529066	188.276194	 30.327725	  6.380920	 84.570942
153.787834	210.639065	  0.000000	 43.363087	  0.000000	  2.147240	138.774254	511.127578	 47.539934	161.635105	 76.313437	  4.180833	  4.908656	  0.000000	  0.000000	  0.000000
171.963420	 80.275748	144.015156	 40.310025	  0.026118	  2.740501	 63.345031	1442.422963	  0.000000	 79.365291	103.200296	  2.272920	  0.000000	  0.000000	  0.000000	  0.000000
147.832793	 66.485522	126.156052	 41.057565	  0.161784	  2.791375	 58.373560	1170.017829	  0.890816	 61.430462	105.126793	318.240518	489.325601	 27.685565	 28.596873	174.252716
124.554761	589.177516	228.640715	495.488588	  0.121989	  1.786897	139.649332	350.717167	181.332849	435.193957	 73.031848	132.103197	179.836420	 30.214496	  6.468953	 90.752919
164.079145	 40.970000	 91.057447	 26.716839	  0.029944	  2.474501	 35.566654	1578.000000	  0.000000	 44.486319	100.473392	265.295496	330.988251	 33.901062	 25.331183	  4.281130
164.064465	 66.218133	112.293534	 34.484482	  0.008845	  2.459017	 60.699078	1027.954543	  0.000000	 71.749783	106.031224	251.596961	309.057939	 28.367208	 24.275958	  0.000000
138.701826	477.456654	  5.690638	 59.021656	  0.001574	  2.050955	110.536429	435.743988	235.300160	245.318812	 52.265084	  0.000000	  3.917384	  0.000000	  0.000000	  2.856170
125.354427	781.472362	272.070531	 51.094748	  0.762043	  2.043816	163.259192	278.290352	242.385959	538.079526	 70.063538	147.544534	230.707733	 38.499990	 15.149049	 79.021637
146.142073	 56.766438	107.811479	 47.421769	  0.074134	  1.997943	 68.487821	734.900925	  0.683678	 69.239072	102.297243	227.967606	389.964393	 31.133893	 15.194989	155.566976
149.360566	126.125502	  0.000000	 36.998930	  0.000000	  2.027780	 90.549922	691.465937	 34.366653	 93.377619	 78.047204	  0.084937	  9.286501	  0.000000	  0.103477	  1.245277
172.380990	 74.412139	141.568192	 49.683773	  0.000000	  2.914235	 64.515560	1465.346924	  0.000000	 82.300923	103.197197	  2.492122	  6.876912	  0.000000	  0.000000	  6.236388
165.440069	124.582585	125.084669	 57.496925	  2.101119	  1.780523	100.556878	465.091528	 31.769504	 82.760137	 73.498897	  0.000000	  0.000000	  0.000000	  0.569627	139.074491
131.418269	312.472639	177.812301	 43.648840	  0.000000	  2.092503	116.476346	379.828483	 52.062974	274.981161	 85.919671	  4.264728	  9.898082	  0.000000	  0.040476	  0.000000
133.120059	304.479438	170.651295	 44.224461	  0.048466	  2.070755	121.626238	390.307509	 53.538321	274.245640	 84.994208	  0.000000	  4.222148	  0.065133	  0.000000	  0.000000
160.919015	303.281655	  0.176985	 33.005983	  4.078404	  2.022079	 81.997026	548.344411	169.426866	110.999413	 36.536053	  9.980610	  0.000000	  0.000000	  0.000000	  0.010790
183.019989	 59.968182	103.154442	 51.814187	  0.058188	  2.015820	 70.134942	897.138557	  0.000000	 57.960168	 99.945900	  0.000000	  0.696831	  0.000000	  0.000000	  4.883194
158.498363	 72.578514	102.628390	  0.570168	  0.020109	  3.308813	 54.811953	689.584667	  2.522168	 50.096801	103.996292	131.909900	254.805002	 38.526284	 10.467782	186.532926
177.666892	 59.796759	141.039216	 36.439729	  0.028921	  0.000000	 73.745854	871.550881	  0.900488	 73.753229	105.240590	  0.000000	 11.969319	  0.269015	  0.200829	  0.000000
189.565170	 45.571041	 99.281920	 46.629245	  0.000000	  2.060946	 57.620871	721.198980	  5.598876	 56.185366	100.642384	  0.000000	  0.000000	  0.000000	  0.187085	  0.715471
158.760166	 74.686805	122.273170	 39.503533	  0.066702	  2.736575	 65.480122	723.062282	  3.992230	 62.892233	105.275503	177.368286	241.238557	 31.767022	 14.256286	  4.447355
142.590891	141.889068	153.521229	 49.829161	  0.135793	  2.326090	115.473713	405.892287	  0.000000	156.633155	105.951265	183.616731	357.429579	 29.938779	 22.379812	 74.306913
164.452477	 53.510709	108.399117	 42.494514	  0.053476	  2.223818	 77.101991	907.616915	  4.984042	 68.002244	106.533134	195.049492	260.272187	 30.928625	 20.779617	  3.578334
130.865208	131.198338	164.615215	 54.651745	  0.024014	  2.697413	110.276920	498.164734	  1.529047	143.002162	105.718480	  0.000000	  8.652471	  0.000000	  0.000000	104.256622
152.509065	121.016926	114.870374	 53.162309	  0.000000	  1.999201	104.692730	479.231430	 30.739706	 96.608406	 80.155665	  0.386181	  2.913641	  0.000000	  0.000000	  0.000000
166.474231	127.538633	120.179230	 53.553964	  2.118711	  1.648050	 99.229895	480.581954	 39.456185	 91.954435	 73.562872	  0.761234	  0.000000	  0.000000	  0.063532	139.004459
158.807805	 72.555898	118.617515	 42.754449	  0.000000	  2.591237	 66.364782	712.123438	  0.000000	 79.957722	105.941239	171.307478	236.908111	 31.690752	 13.558082	  0.000000
127.047270	758.975936	294.922487	 58.195124	  0.195687	  2.201166	188.060227	263.509414	251.261402	520.692055	 69.995085	  0.000000	  0.000000	  0.000000	  0.003928	  2.246544
144.810071	352.104091	  0.000000	 43.497079	  0.000000	  2.088880	111.455896	374.054424	 65.044994	287.823084	 82.717724	  4.309944	  0.000000	  0.206614	  0.000000	  0.588046
123.450609	586.686575	231.264579	501.474352	  0.087076	  1.815853	142.822987	309.849840	180.849638	442.005547	 72.063958	123.827341	182.323680	 30.523026	  5.512567	 87.362118
129.644985	544.827345	226.362128	 51.815900	  0.000000	  2.128193	164.575567	300.119919	 68.845903	482.818592	 87.724582	  2.226052	  4.081434	  0.194635	  0.345037	  1.893739
154.434551	228.277564	  0.000000	 46.659507	  0.030716	  2.220894	136.940913	510.984443	 45.577369	156.986810	 75.502018	  0.000000	  5.687559	  0.562684	  0.132313	  0.000000
125.015939	331.426727	252.065093	 68.696589	  0.086152	  2.248846	152.691565	387.942311	  0.000000	347.938584	102.341058	  1.694341	  0.000000	  0.307487	  0.009756	  0.000000
177.170377	107.891241	  5.718434	 23.241979	  0.000000	  1.978518	 16.600000	1362.075615	 21.299458	 82.633431	 86.788811	  0.000000	  0.000000	  0.000000	  0.000000	  1.829934
154.394154	223.115881	175.340376	 39.147919	  0.022159	  2.175709	 84.717680	478.771294	 48.054872	185.106957	 77.116974	  2.761242	  0.000000	  0.756723	  0.307221	  2.023547
167.939797	 57.448399	 97.729217	 48.842652	  0.811973	  1.838843	 68.582674	760.837870	  3.598173	 46.491504	 82.058212	  0.000000	  4.903514	  0.000000	  0.179492	151.277084
155.994695	 71.297815	 96.771670	 44.363240	  0.153898	  2.111822	 64.958080	661.486854	  0.000000	 64.965317	 93.062879	193.957880	323.786887	 32.607561	 18.703453	118.178143
154.353743	 54.620106	  0.000000	 48.909475	  0.000000	  2.002443	 82.418492	745.526586	  6.220238	 76.798530	100.222331	229.723075	394.707240	 32.121853	 14.898929	175.922629
160.057352	378.213917	146.930763	 59.214230	  2.425443	  1.925392	103.297688	300.932273	225.821124	 68.761734	 18.239527	 94.074530	171.122868	 34.516430	 16.776419	  0.000000
